5 0.140625 0.1359375 0.0859375 0.11171875
5 0.07734375 0.28515625 0.06484375 0.115625
5 0.19609375 0.3421875 0.0703125 0.1015625
5 0.2203125 0.24609375 0.0125 0.03828125
5 0.11875 0.44296875 0.04296875 0.0625
5 0.1359375 0.51484375 0.0375 0.04140625
5 0.23828125 0.634375 0.05625 0.07421875
3 0.296875 0.0796875 0.05703125 0.06015625
3 0.32890625 0.28671875 0.02890625 0.06171875
3 0.36328125 0.26953125 0.03125 0.05546875
3 0.3984375 0.16484375 0.03359375 0.05546875
3 0.303125 0.3421875 0.04296875 0.0640625
3 0.3265625 0.52109375 0.0390625 0.06875
3 0.328125 0.59453125 0.06015625 0.0515625
3 0.24609375 0.503125 0.0625 0.05703125
3 0.29921875 0.69140625 0.034375 0.07109375
3 0.2234375 0.7203125 0.04375 0.05390625
3 0.27109375 0.77109375 0.0296875 0.05546875
8 0.4140625 0.34921875 0.040625 0.08125
8 0.4171875 0.275 0.03828125 0.05859375
8 0.459375 0.28671875 0.03515625 0.046875
8 0.478125 0.359375 0.05703125 0.07265625
8 0.4625 0.4375 0.06796875 0.0625
8 0.46875 0.52890625 0.05625 0.06875
8 0.4625 0.59921875 0.02734375 0.0359375
8 0.43984375 0.70859375 0.04921875 0.065625
8 0.396875 0.7796875 0.0484375 0.0828125
8 0.39453125 0.45546875 0.03046875 0.05390625
8 0.425 0.06171875 0.0578125 0.09453125
8 0.50078125 0.15859375 0.034375 0.0515625
8 0.46796875 0.240625 0.04375 0.0703125
8 0.43828125 0.15078125 0.06484375 0.09296875
8 0.49453125 0.2390625 0.02265625 0.03828125
8 0.434375 0.4625 0.02890625 0.03828125
8 0.43125 0.55078125 0.03046875 0.05
8 0.390625 0.565625 0.0515625 0.10546875
8 0.38203125 0.63359375 0.05625 0.08984375
3 0.2640625 0.459375 0.040625 0.0703125
3 0.303125 0.39609375 0.05078125 0.06015625
3 0.2015625 0.22109375 0.021875 0.0703125
3 0.28828125 0.02109375 0.05078125 0.04140625
8 0.46640625 0.10859375 0.03359375 0.05703125
2 0.0328125 0.4609375 0.05390625 0.11015625