6 0.73828125 0.1546875 0.03203125 0.07265625
6 0.7984375 0.18671875 0.06875 0.10703125
6 0.80859375 0.06875 0.1203125 0.1375
6 0.84140625 0.28359375 0.03515625 0.0703125
6 0.865625 0.34140625 0.0296875 0.03125
6 0.81171875 0.32109375 0.0390625 0.04296875
6 0.7703125 0.34609375 0.01796875 0.04140625
6 0.809375 0.4203125 0.02734375 0.0484375
6 0.78359375 0.44765625 0.05234375 0.05859375
6 0.7921875 0.52578125 0.04609375 0.05390625
6 0.7921875 0.584375 0.0390625 0.03984375
6 0.88203125 0.69375 0.0234375 0.03828125
6 0.78984375 0.759375 0.0265625 0.03828125
6 0.83203125 0.81796875 0.0296875 0.04453125
8 0.92109375 0.9390625 0.059375 0.0359375
8 0.853125 0.8484375 0.03984375 0.03984375
8 0.95234375 0.896875 0.04375 0.03984375
8 0.93984375 0.78984375 0.04296875 0.06875
8 0.86796875 0.71171875 0.02265625 0.0375
8 0.96640625 0.66015625 0.03125 0.04609375
8 0.846875 0.59765625 0.04453125 0.04453125
8 0.8890625 0.57734375 0.0375 0.0515625
8 0.8875 0.51328125 0.03984375 0.05
8 0.9546875 0.534375 0.0375 0.0515625
8 0.86171875 0.47421875 0.0609375 0.04296875
8 0.8578125 0.3875 0.03515625 0.0296875
8 0.95390625 0.4 0.0359375 0.04296875
8 0.89609375 0.36796875 0.04296875 0.07578125
8 0.91796875 0.30390625 0.03828125 0.053125
8 0.89765625 0.21484375 0.03359375 0.046875
8 0.87734375 0.16015625 0.059375 0.05390625
8 0.92109375 0.090625 0.0296875 0.04140625
8 0.8859375 0.05859375 0.0375 0.05390625
3 0.76015625 0.7046875 0.053125 0.05
3 0.68203125 0.6046875 0.0578125 0.0875
3 0.7359375 0.5578125 0.05078125 0.0671875
3 0.67578125 0.42890625 0.0390625 0.06015625
3 0.75703125 0.38671875 0.04453125 0.06171875
3 0.659375 0.25859375 0.03828125 0.0515625
3 0.5515625 0.26953125 0.040625 0.046875
3 0.5859375 0.4359375 0.0421875 0.04296875
3 0.6375 0.17890625 0.025 0.02890625
3 0.62265625 0.02421875 0.103125 0.0484375
3 0.7140625 0.08671875 0.0390625 0.08984375
2 0.6703125 0.05546875 0.02265625 0.0625
2 0.66484375 0.096875 0.03203125 0.0375
2 0.646875 0.1421875 0.0296875 0.04140625
2 0.62734375 0.42421875 0.03125 0.03125
2 0.50859375 0.225 0.01875 0.04140625
2 0.5125 0.2625 0.03125 0.053125
2 0.46015625 0.096875 0.03125 0.0375
2 0.45546875 0.43671875 0.0375 0.0296875
2 0.565625 0.45390625 0.03984375 0.04296875
7 0.434375 0.34921875 0.05390625 0.0328125
7 0.36640625 0.1375 0.0484375 0.07265625
7 0.396875 0.290625 0.0296875 0.046875
7 0.2796875 0.171875 0.03515625 0.08125
7 0.29140625 0.23203125 0.025 0.053125
7 0.31953125 0.35625 0.01796875 0.04140625
7 0.38046875 0.3734375 0.02734375 0.04140625
7 0.3390625 0.42109375 0.04765625 0.06015625
7 0.4265625 0.5 0.02578125 0.04609375
7 0.3921875 0.5296875 0.0359375 0.03125
7 0.3578125 0.5078125 0.03046875 0.03828125
7 0.58046875 0.58984375 0.040625 0.03984375
7 0.41640625 0.06953125 0.07265625 0.07890625