8 0.75703125 0.26640625 0.04453125 0.084375
8 0.66796875 0.178125 0.046875 0.0609375
8 0.61796875 0.13203125 0.03046875 0.05625
8 0.675 0.30859375 0.02734375 0.0609375
8 0.72578125 0.38125 0.03125 0.0734375
8 0.78203125 0.428125 0.021875 0.05390625
8 0.64765625 0.43359375 0.02421875 0.0484375
8 0.6921875 0.49375 0.028125 0.05
8 0.64375 0.52890625 0.034375 0.0484375
8 0.61015625 0.49609375 0.02578125 0.03828125
8 0.72109375 0.61484375 0.09765625 0.11015625
8 0.85234375 0.60859375 0.04453125 0.07578125
8 0.79140625 0.7828125 0.04921875 0.05
8 0.85625 0.828125 0.0234375 0.0375
8 0.89921875 0.925 0.02265625 0.05546875
8 0.8 0.8890625 0.04609375 0.05546875
3 0.603125 0.8515625 0.0375 0.059375
3 0.60078125 0.77734375 0.03515625 0.0578125
3 0.61640625 0.71875 0.059375 0.084375
3 0.6265625 0.62578125 0.03671875 0.05
3 0.61171875 0.5546875 0.03359375 0.07578125
3 0.55859375 0.55859375 0.02734375 0.0609375
3 0.57734375 0.57578125 0.02890625 0.05625
3 0.5828125 0.4578125 0.05703125 0.09921875
3 0.5921875 0.346875 0.021875 0.0234375
3 0.6015625 0.3859375 0.0328125 0.05234375
3 0.53984375 0.38125 0.0359375 0.03984375
3 0.5984375 0.29140625 0.04296875 0.03203125
3 0.58046875 0.2046875 0.03515625 0.05625
3 0.559375 0.140625 0.025 0.0609375
5 0.4765625 0.24609375 0.03125 0.05078125
5 0.46796875 0.403125 0.0265625 0.04296875
5 0.453125 0.44609375 0.02421875 0.03203125
5 0.45234375 0.528125 0.015625 0.05
5 0.4671875 0.64921875 0.01796875 0.046875
5 0.41328125 0.54921875 0.01796875 0.0375
5 0.39296875 0.58046875 0.025 0.0609375
5 0.36953125 0.59375 0.01953125 0.05078125
5 0.4140625 0.2546875 0.02265625 0.05
5 0.36015625 0.2515625 0.02265625 0.0484375
5 0.4046875 0.7734375 0.02578125 0.0359375