6 0.14296875 0.0390625 0.0828125 0.07734375
6 0.18125 0.10703125 0.08359375 0.0640625
6 0.215625 0.24609375 0.0765625 0.06015625
6 0.09453125 0.196875 0.0921875 0.075
6 0.7734375 0.08203125 0.07890625 0.09140625
6 0.89140625 0.1671875 0.13515625 0.146875
6 0.76796875 0.19921875 0.11015625 0.12109375
6 0.6953125 0.5 0.071875 0.09140625
6 0.72421875 0.6390625 0.08046875 0.065625
6 0.94140625 0.6109375 0.06328125 0.0734375
6 0.94296875 0.71328125 0.0640625 0.075
6 0.83984375 0.89453125 0.0546875 0.06953125
6 0.653125 0.77890625 0.290625 0.30078125
6 0.4734375 0.62578125 0.06796875 0.0546875
6 0.3234375 0.90703125 0.0640625 0.07734375
6 0.17265625 0.825 0.05078125 0.071875
6 0.14296875 0.9734375 0.0765625 0.04453125
6 0.11875 0.68671875 0.04609375 0.0625
8 0.3234375 0.96875 0.0859375 0.0625
8 0.27109375 0.8515625 0.07265625 0.0625
8 0.35625 0.7640625 0.0875 0.0859375
8 0.44609375 0.834375 0.071875 0.0625
8 0.4640625 0.71796875 0.0875 0.096875
8 0.55546875 0.5140625 0.07265625 0.0546875
8 0.52890625 0.11328125 0.0640625 0.071875
8 0.34375 0.1546875 0.05859375 0.05859375
8 0.25703125 0.18671875 0.08125 0.07109375
8 0.2796875 0.02734375 0.05859375 0.0546875
8 0.22890625 0.32890625 0.07421875 0.05546875
8 0.253125 0.41328125 0.06953125 0.07109375
8 0.25234375 0.5109375 0.06796875 0.06953125
8 0.346875 0.49296875 0.05 0.09921875
8 0.4765625 0.56171875 0.075 0.07109375