8 0.44921875 0.26171875 0.04453125 0.0703125
8 0.440625 0.3234375 0.05234375 0.06640625
8 0.4203125 0.4015625 0.034375 0.03671875
8 0.4953125 0.5140625 0.03125 0.04140625
8 0.42421875 0.4328125 0.0375 0.04140625
8 0.41953125 0.52109375 0.0296875 0.0484375
8 0.4484375 0.6140625 0.01640625 0.03515625
8 0.39296875 0.55859375 0.0265625 0.0296875
8 0.40703125 0.58359375 0.021875 0.0265625
8 0.39140625 0.61640625 0.02890625 0.03984375
8 0.3625 0.63359375 0.02109375 0.03671875
8 0.33203125 0.63359375 0.03359375 0.06015625
8 0.2953125 0.6359375 0.0453125 0.04140625
8 0.2671875 0.63828125 0.0296875 0.03984375
8 0.24140625 0.64609375 0.02109375 0.0453125
8 0.1890625 0.6328125 0.0109375 0.03828125
8 0.384375 0.459375 0.03984375 0.06171875
8 0.3484375 0.43515625 0.05859375 0.06015625
8 0.29921875 0.43828125 0.028125 0.03359375
8 0.31640625 0.44921875 0.0265625 0.04140625
8 0.28828125 0.46796875 0.034375 0.05
8 0.1859375 0.440625 0.0234375 0.04140625
8 0.20703125 0.44921875 0.0359375 0.0484375
8 0.0296875 0.39921875 0.04765625 0.0515625
1 0.08203125 0.44453125 0.05234375 0.0546875
1 0.10625 0.27890625 0.04765625 0.078125
1 0.1625 0.33671875 0.0546875 0.09296875
1 0.2828125 0.2375 0.10078125 0.13828125
1 0.3171875 0.09921875 0.10546875 0.14140625
1 0.14921875 0.0625 0.03359375 0.0515625
1 0.11484375 0.1171875 0.0296875 0.03515625
4 0.7171875 0.54453125 0.10546875 0.11171875
4 0.715625 0.43046875 0.046875 0.06171875
4 0.746875 0.409375 0.0265625 0.0546875
4 0.69609375 0.34140625 0.0390625 0.03359375
4 0.70078125 0.30390625 0.04140625 0.06796875
4 0.71953125 0.1046875 0.1390625 0.1234375
6 0.6203125 0.14140625 0.0375 0.0765625
6 0.65078125 0.071875 0.07578125 0.10703125
4 0.703125 0.02890625 0.05625 0.0578125
3 0.85703125 0.58828125 0.0734375 0.0765625
3 0.93671875 0.4453125 0.0625 0.096875
3 0.9796875 0.44453125 0.03984375 0.08203125
3 0.9515625 0.3171875 0.096875 0.1453125
3 0.9046875 0.3546875 0.034375 0.06328125
3 0.90390625 0.3109375 0.03203125 0.03515625
3 0.80703125 0.31328125 0.0234375 0.0265625
3 0.94375 0.20078125 0.10078125 0.11484375
3 0.8875 0.14453125 0.12578125 0.128125
3 0.8484375 0.06171875 0.02578125 0.046875
3 0.92421875 0.6140625 0.0625 0.06484375