8 0.22578125 0.0421875 0.04609375 0.07265625
8 0.25234375 0.1203125 0.0484375 0.06953125
8 0.2609375 0.17109375 0.040625 0.06640625
8 0.28046875 0.225 0.053125 0.05390625
8 0.27421875 0.27734375 0.04140625 0.05625
8 0.26328125 0.321875 0.05390625 0.0625
8 0.221875 0.34765625 0.0375 0.078125
8 0.29765625 0.46640625 0.04765625 0.078125
8 0.29921875 0.5859375 0.03203125 0.0765625
8 0.3796875 0.70390625 0.03671875 0.10546875
8 0.29140625 0.7125 0.09296875 0.11875
8 0.1859375 0.8109375 0.03515625 0.07265625
8 0.175 0.6375 0.05390625 0.096875
8 0.18671875 0.8796875 0.0375 0.0625
8 0.22109375 0.86171875 0.0375 0.059375
8 0.18671875 0.94296875 0.0765625 0.1140625
8 0.3359375 0.9796875 0.034375 0.034375
8 0.30546875 0.96328125 0.02265625 0.059375
8 0.28046875 0.97578125 0.0265625 0.0484375
8 0.24453125 0.95703125 0.03671875 0.0640625
2 0.09765625 0.54296875 0.06328125 0.12421875
2 0.1265625 0.375 0.06640625 0.08359375
2 0.2109375 0.21328125 0.06171875 0.09140625
2 0.31171875 0.11328125 0.04609375 0.09296875
2 0.32734375 0.03046875 0.0296875 0.034375
5 0.3953125 0.03359375 0.0578125 0.06640625
5 0.440625 0.11171875 0.0234375 0.0234375
5 0.41484375 0.14765625 0.02578125 0.0609375
5 0.521875 0.303125 0.05859375 0.0734375
5 0.459375 0.40625 0.08671875 0.178125
5 0.3953125 0.4296875 0.0359375 0.078125
5 0.39140625 0.50078125 0.04765625 0.13046875
5 0.32890625 0.63515625 0.034375 0.06640625
5 0.51328125 0.59609375 0.05 0.075
5 0.49765625 0.65703125 0.078125 0.0640625
5 0.4515625 0.771875 0.08046875 0.121875
5 0.39921875 0.83359375 0.0390625 0.0546875
3 0.6328125 0.9046875 0.08203125 0.11015625
3 0.57421875 0.75703125 0.06171875 0.08984375
3 0.61484375 0.64375 0.084375 0.1375
3 0.64609375 0.54765625 0.0546875 0.06796875
3 0.55859375 0.528125 0.02578125 0.0546875
3 0.525 0.43359375 0.04140625 0.0734375
3 0.596875 0.325 0.0578125 0.08828125
3 0.52578125 0.1875 0.0546875 0.096875
3 0.51484375 0.0171875 0.0421875 0.034375
4 0.79140625 0.91015625 0.034375 0.02734375
4 0.73828125 0.82734375 0.0390625 0.07109375
4 0.8640625 0.79375 0.03125 0.04765625
4 0.77890625 0.67109375 0.0421875 0.0734375
4 0.778125 0.5203125 0.03671875 0.0765625
4 0.7609375 0.43984375 0.05234375 0.07265625
4 0.6015625 0.47265625 0.046875 0.0765625
4 0.63046875 0.21328125 0.053125 0.1203125
4 0.6859375 0.09375 0.0359375 0.0828125
4 0.78046875 0.03046875 0.0625 0.0609375
6 0.8828125 0.68359375 0.0625 0.08125
6 0.8546875 0.5953125 0.015625 0.04921875
6 0.8640625 0.496875 0.059375 0.12890625
6 0.890625 0.40390625 0.015625 0.0375
6 0.90546875 0.434375 0.03515625 0.06640625
6 0.946875 0.496875 0.03046875 0.04609375
6 0.92734375 0.36484375 0.02421875 0.04921875
6 0.91640625 0.284375 0.03671875 0.05625
6 0.9 0.2421875 0.03046875 0.04765625
6 0.8890625 0.1375 0.0328125 0.0578125
6 0.9125 0.17890625 0.0390625 0.0734375
6 0.934375 0.1078125 0.03046875 0.05078125
6 0.94921875 0.090625 0.028125 0.04453125
6 0.9859375 0.1140625 0.028125 0.06953125