5 0.5765625 0.34609375 0.07421875 0.1203125
5 0.4671875 0.70390625 0.02578125 0.034375
5 0.65390625 0.20703125 0.06484375 0.1
5 0.7109375 0.17890625 0.07734375 0.10859375
4 0.76796875 0.88203125 0.0359375 0.0359375
4 0.66484375 0.70390625 0.0421875 0.06875
4 0.69296875 0.4375 0.0625 0.17421875
4 0.76484375 0.371875 0.078125 0.1671875
4 0.74140625 0.52109375 0.03515625 0.07421875
4 0.7625 0.2046875 0.03046875 0.04453125
4 0.7875 0.05859375 0.06171875 0.1171875
5 0.725 0.609375 0.0828125 0.084375
5 0.70859375 0.6828125 0.0625 0.04609375
3 0.853125 0.815625 0.03125 0.05703125
3 0.79453125 0.66796875 0.01875 0.0296875
3 0.934375 0.66875 0.040625 0.0625
3 0.96171875 0.60390625 0.03828125 0.0359375
3 0.92890625 0.4859375 0.03359375 0.0515625
3 0.825 0.3265625 0.02265625 0.04453125
3 0.9578125 0.3546875 0.03515625 0.03828125
3 0.93984375 0.15703125 0.034375 0.065625
0 0.425 0.671875 0.0265625 0.04453125
0 0.38359375 0.415625 0.0203125 0.0484375
0 0.3640625 0.40234375 0.02109375 0.03828125
0 0.31796875 0.1078125 0.02265625 0.02109375
0 0.30703125 0.08984375 0.02265625 0.02578125