0 0.56171875 0.05390625 0.078125 0.06015625
0 0.7578125 0.08515625 0.109375 0.08125
0 0.825 0.2875 0.2328125 0.128125
0 0.78125 0.53125 0.09296875 0.0671875
8 0.93125 0.48203125 0.13671875 0.0875
8 0.93046875 0.0484375 0.1390625 0.0875
2 0.48359375 0.21328125 0.15234375 0.09453125
2 0.546875 0.25859375 0.0890625 0.08203125
2 0.63359375 0.3515625 0.07265625 0.05859375
2 0.5703125 0.48984375 0.046875 0.0390625
2 0.6171875 0.50078125 0.04453125 0.0421875
2 0.61328125 0.6140625 0.06171875 0.05546875
7 0.91640625 0.609375 0.15078125 0.18671875
6 0.44765625 0.8046875 0.06875 0.04765625
4 0.65625 0.715625 0.09296875 0.103125